lastAccountName: SporreKing
timestamps:
  login: 1454876909277
  logout: 1454876183650
  lastteleport: 1453755137930
ipAddress: 192.168.1.8
lastlocation:
  world: world
  x: 10055.025474655524
  y: 75.97202466948247
  z: 10019.83233071762
  yaw: 76.83836
  pitch: 34.703995
afk: false
logoutlocation:
  world: world
  x: 10049.37913726758
  y: 71.0
  z: 10039.416186695757
  yaw: -7.686704
  pitch: 33.788662
