lastAccountName: SporreKing
timestamps:
  login: 1453901474781
  logout: 1453814391103
  lastteleport: 1453755137930
ipAddress: 10.53.253.30
lastlocation:
  world: world
  x: 10055.025474655524
  y: 75.97202466948247
  z: 10019.83233071762
  yaw: 76.83836
  pitch: 34.703995
afk: false
logoutlocation:
  world: world
  x: 10039.736022186054
  y: 76.0
  z: 10024.096029399292
  yaw: 108.098145
  pitch: 29.808018
